As: 0.0
B: 0.0
B6As: -0.21878449607142958
Ga: 0.0
GaAs: -0.4828080112500004
