As: -5.7816190975
B: -7.5383469299999994
Ga: -3.41043746
