Ba: 0.0
Ba(CdP)2: -0.6661165649523801
Ba2Cd: -0.22897289333333326
Ba2Sn: -0.6855645775000005
Ba3P4: -1.036569985646258
Ba3Sn5: -0.6488640662499998
Ba5P4: -1.121610912169312
BaCd2: -0.3249902416666668
BaCdSn: -0.5720136333333334
BaP3: -0.7368953999107131
BaSn: -0.7683570825000001
BaSn2: -0.6233396750000009
BaSn3: -0.4426128325000005
Cd: 0.0
Cd3P2: -0.3625451504523802
CdP2: -0.1630303503373023
CdSnP2: -0.13160131619047544
P: 0.0
Sn: 0.0
