Ba: -1.807952485
Cd: -0.90848439
P: -6.495467060119048
Sn: -4.53298668
